2.11	-8.29
-3.10	10.88
0.19	-3.10
-3.27	9.04
-4.26	11.90
-12.05	-0.27
3.95	9.58
3.01	-0.28
8.75	-1.88
10.53	-5.32
-6.81	6.02
3.36	-0.04
12.39	-7.06
-1.07	5.81
-3.11	-11.92
0.74	-11.41
10.31	-2.44
3.58	6.32
-5.45	-10.59
9.14	-10.10
3.34	-3.43
3.97	-0.70
9.68	3.30
-11.37	-11.11
-10.12	6.36
8.15	2.25
3.32	5.38
-4.37	5.58
-2.84	-10.65
8.79	6.57
-6.75	-8.21
-4.37	12.20
-5.67	10.53
-0.19	0.98
1.68	10.26
-1.68	11.30
-3.05	-11.85
-12.05	3.24
-6.66	-8.30
-0.28	-3.96
-0.01	5.76
-10.24	0.39
-2.87	0.52
1.90	-2.05
11.41	-2.72
11.15	5.90
7.87	-4.86
9.67	5.98
11.76	10.72
12.56	-4.27
-0.33	5.75
10.65	-0.15
-1.13	0.73
-4.94	-5.62
11.64	9.48
1.69	-5.11
5.97	-8.94
-3.02	10.29
-3.24	-4.75
5.15	1.69
-11.87	-3.11
-2.08	3.64
10.28	-11.56
-0.21	11.62
6.13	7.96
10.00	0.46
-11.24	-12.47
-1.22	-0.44
11.66	-12.27
-11.21	-4.03
10.17	-2.69
11.06	-8.18
2.44	0.97
6.93	-0.32
-2.91	-2.07
5.58	2.36
-10.58	10.64
8.92	3.40
-7.57	-3.48
4.10	-1.79
4.13	-3.52
4.85	11.15
7.16	-11.94
7.41	11.36
3.18	-0.92
8.68	0.03
4.05	10.20
-6.25	-7.24
11.03	0.62
-11.54	-11.36
9.73	5.27
8.44	-9.66
-6.41	12.39
1.22	-5.61
1.67	-11.46
-6.99	8.08
-7.72	-8.74
-12.03	-6.76
2.19	-2.80
-11.67	-10.13
-1.45	-6.96
-7.59	2.51
-11.55	4.82
-4.16	1.42
10.48	-3.61
-10.26	10.99
-12.34	-7.71
-6.94	10.87
-9.70	-6.47
1.06	-10.31
4.16	-4.64
3.18	7.44
1.05	-4.75
-5.98	-3.17
9.45	5.63
-1.23	-2.90
2.42	6.03
6.39	-5.47
6.15	10.22
4.25	-1.30
-1.28	6.32
5.90	6.49
7.44	9.18
-11.35	-5.75
6.44	10.41
10.85	-4.51
5.80	6.77
1.30	-5.41
-5.93	-1.94
-2.60	1.89
11.40	4.29
3.89	10.68
2.89	2.04
5.04	10.04
-4.81	3.13
-10.49	3.78
10.94	11.65
3.86	-4.18
5.38	7.90
5.59	-5.54
-12.39	11.72
-2.21	11.65
3.61	0.81
5.46	-11.24
-10.06	5.97
-9.59	-4.25
3.43	-9.90
12.30	-10.35
6.91	4.84
-1.50	3.97
-5.35	-9.35
5.16	-9.28
-6.79	-10.02
3.58	10.50
-2.55	1.90
-1.81	6.72
12.52	-1.05
-10.68	-11.64
-6.44	4.48
11.69	0.07
-10.79	2.93
-7.66	6.76
-9.32	3.08
-8.37	-3.20
6.50	10.20
0.39	-12.08
4.93	-1.28
-8.17	12.35
9.01	5.08
-10.21	3.97
3.89	5.82
9.58	-7.52
11.07	-7.96
-1.07	-9.88
9.89	9.91
2.31	5.79
8.17	-6.83
-10.62	-6.66
-8.75	-6.14
-8.51	0.60
1.60	4.95
7.08	-3.81
4.99	-8.60
-10.30	3.74
-0.27	1.31
5.81	-4.82
5.31	6.66
-3.79	11.23
-8.65	1.35
8.51	-10.98
-5.23	-2.66
10.67	8.35
-6.76	-0.15
6.49	-9.29
-4.66	-0.96
-3.77	10.09
3.96	-7.61
8.29	7.90
1.10	-2.42
5.40	-5.87
3.84	6.45
2.43	-7.82
5.47	-8.50
10.47	6.62
-3.49	5.87
7.25	-9.04
0.93	-10.42
-8.74	-1.05
-6.94	-5.42
9.72	12.52
6.18	-3.92
10.18	-10.07
-2.83	-1.27
3.98	0.95
6.46	-7.41
10.85	-1.66
5.31	-10.96
-5.41	-2.53
-0.03	6.62
-12.48	1.14
-7.62	-12.00
11.71	-7.63
-1.53	12.11
-2.44	3.02
9.99	9.22
-9.42	9.05
11.72	-9.24
-1.64	7.82
3.39	10.54
2.45	12.39
1.92	12.29
-1.32	-10.09
-10.59	-1.66
-1.79	-5.51
1.34	-3.29
-9.30	-4.63
-12.24	-0.24
-8.41	-6.69
-10.39	9.34
-10.68	6.17
8.86	2.52
6.56	7.64
-12.18	10.28
9.44	11.32
5.66	-6.24
-0.48	3.91
3.56	-2.98
-6.38	6.16
4.75	9.08
-1.62	-9.36
-4.90	2.22
10.91	-0.74
10.03	9.05
2.91	-8.16
3.93	-6.82
-2.14	12.17
7.24	9.60
1.68	8.07
8.23	2.19
3.37	-12.11
2.09	-5.51
-10.82	10.08
10.91	-6.34
-5.19	8.20
5.50	-1.37
-0.74	-8.84
2.65	11.17
-1.56	-5.76
11.75	3.57
0.70	9.76
-0.52	-2.97
-3.89	6.61
-3.80	-3.90
10.32	9.83
8.99	-9.12
12.00	5.55
-9.01	-5.31
5.63	-8.62
11.63	12.12
-0.23	-1.37
1.37	5.36
4.89	4.50
-0.42	-6.89
1.62	2.14
9.68	0.45
9.86	-1.03
-3.69	10.71
1.17	2.35
-7.07	-4.99
-9.64	-4.49
11.52	-10.90
4.41	8.53
12.48	0.36
-4.36	-5.02
-7.42	-11.36
9.53	-5.40
-12.25	-7.82
6.22	3.63
-8.92	-10.32
10.17	9.68
3.90	11.88
0.69	5.46
-9.89	-2.77
7.16	-9.44
-0.89	-1.44
-10.70	-4.22
0.12	-8.93
9.89	-3.88
-4.59	10.36
-1.12	-4.86
7.35	6.72
-10.22	7.23
7.80	-7.16
-0.38	-5.78
-6.83	10.37
5.84	-0.34
3.80	-7.99
-3.09	-12.31
-2.24	-8.80
-0.24	-1.25
-9.23	7.11
-10.03	9.91
6.79	-2.95
-4.22	6.84
-12.53	-8.53
7.73	-8.77
-1.18	-3.47
-10.89	2.22
-5.42	-11.89
11.60	-11.46
-5.04	9.96
-5.72	-11.48
9.97	-8.97
-11.11	-6.85
8.68	2.40
2.19	4.17
-10.21	8.96
-11.31	7.95
1.34	-6.06
3.00	8.28
-10.49	10.59
9.30	11.47
4.95	-6.46
12.17	-7.71
-3.49	-10.81
4.27	10.77
2.70	-2.10
-7.10	-5.30
2.50	-11.10
3.99	-10.68
-7.27	1.11
1.82	4.31
-9.17	-8.47
4.32	-10.54
-11.24	-7.58
11.39	-5.64
-2.81	-3.82
8.66	-2.68
-6.17	1.26
-0.32	10.32
6.95	1.83
-12.00	8.12
-10.46	3.23
-0.17	-11.70
10.90	11.85
7.22	2.53
-10.29	10.19
8.68	-6.81
-4.84	9.21
-6.90	-1.74
12.45	-5.04
12.37	-11.78
-1.37	8.65
8.00	-4.30
6.71	11.13
-9.36	-11.75
1.13	-3.29
-10.35	-5.65
2.33	-4.58
-5.63	-2.38
-10.80	3.77
9.24	11.73
4.22	2.48
-5.38	-5.81
0.49	5.96
-4.11	-7.33
-12.34	-4.76
12.48	1.31
3.55	-10.72
-7.79	5.72
5.63	3.52
-10.77	-5.90
4.52	11.75
1.96	-1.44
-1.67	-12.49
-6.05	-4.05
-0.97	5.47
4.76	-0.62
7.16	5.39
-10.43	-1.44
-2.96	-3.70
-9.79	-1.50
-6.26	9.03
-6.98	-1.43
3.15	-7.10
-4.04	7.50
3.78	5.27
-11.23	-2.29
-8.45	9.41
-10.54	-4.90
-10.30	-5.28
-8.29	-4.37
-3.24	-11.54
-7.45	8.63
-6.01	10.89
8.10	10.85
-4.94	1.02
-0.25	-8.16
-5.45	10.78
1.49	-4.29
11.85	-0.38
1.30	-2.60
1.21	2.74
2.00	-5.29
-8.39	-8.46
1.18	-9.38
-6.68	-0.71
0.89	-2.39
3.98	-3.51
1.84	5.68
-1.23	-7.85
7.42	0.04
8.37	-10.64
9.24	-10.78
-7.58	2.17
-1.87	11.87
-10.50	9.30
-7.77	4.31
2.06	11.94
-2.88	11.01
0.39	-5.07
-11.93	-8.35
11.89	-2.94
5.01	-2.43
7.76	-8.13
-0.78	-0.19
-10.97	1.97
2.53	7.73
-6.10	3.28
11.19	-6.77
12.46	11.54
10.25	3.50
-3.83	-8.49
-9.52	11.73
-12.11	4.13
-9.17	-11.99
-2.07	-7.45
3.74	3.68
-3.67	0.05
-10.32	-1.69
-7.08	9.58
2.94	-6.35
-7.00	1.00
11.56	11.31
-1.41	11.60
8.65	-5.28
-7.38	-0.90
-8.71	5.57
1.28	-7.47
-2.97	11.79
-2.14	-11.49
-3.06	0.74
-1.87	2.17
9.23	11.32
-9.75	-4.97
5.86	3.29
5.59	-8.94
2.49	-9.81
6.96	-6.16
7.59	-5.48
10.97	-3.36
-0.86	6.40
6.80	-5.44
-12.27	2.57
0.67	-2.58
-9.87	-9.84
-11.11	0.65
6.37	4.79
4.01	0.15
10.95	-10.07
4.36	8.98
-11.97	-8.68
-2.98	1.13
9.98	5.86
9.37	-4.55
2.24	-0.95
-5.05	-3.17
-10.00	2.16
-8.46	-10.21
10.70	6.87
-10.84	-0.75
5.10	-7.37
3.83	-3.30
-1.43	-8.35
-5.62	-7.61
3.73	-1.07
-2.37	4.79
6.02	-1.89
0.29	-1.10
-7.68	-10.49
6.51	3.94
10.00	6.60
5.32	4.84
-5.14	-11.56
6.78	-11.50
-10.73	-7.40
-10.41	-0.57
-5.90	-3.07
-6.08	5.17
9.43	-0.44
-7.79	-9.02
-4.42	4.84
-9.58	9.55
-4.85	2.93
11.72	-8.04
10.56	-1.05
8.88	4.68
-6.31	3.09
7.90	-2.38
11.31	6.35
0.29	11.94
6.51	11.72
-12.32	-11.02
-6.10	-8.12
-0.51	8.59
4.56	4.89
-11.55	-2.88
-11.52	12.37
7.91	-2.27
-4.54	-2.38
4.28	-4.28
-11.29	6.76
-11.13	5.85
-7.95	-1.06
7.58	-2.06
4.79	-10.66
5.59	10.42
-11.12	-10.38
-1.19	11.66
-1.77	12.54
10.18	7.31
9.97	-4.12
-2.17	-9.63
-9.42	0.55
4.79	6.84
-4.93	11.53
-2.52	-0.94
-8.68	-11.07
-4.60	4.94
2.39	5.29
6.74	-8.71
-0.64	4.21
-5.64	7.22
5.08	4.57
-9.70	7.08
12.40	5.76
7.38	-10.88
-2.10	2.24
-4.75	-0.48
9.55	-9.07
-2.79	8.09
5.93	-8.06
7.95	11.74
4.82	-5.51
-1.53	11.70
-4.84	-8.55
-4.95	-0.04
-1.22	-4.39
11.50	-2.51
-6.85	-4.65
11.01	11.98
-11.45	3.59
-12.20	5.62
5.02	5.47
9.30	3.92
1.92	-3.65
-0.06	9.46
-4.83	-7.59
6.25	-7.70
1.54	-4.57
-8.72	2.05
10.13	-0.61
-4.17	-12.52
-10.75	-10.66
-10.16	4.28
-3.46	3.02
0.51	-9.20
-6.68	1.34
-6.66	3.62
5.62	6.26
-4.19	-8.25
4.72	1.10
-4.97	-10.81
-1.37	-9.59
5.64	8.54
10.03	-5.95
-1.91	3.89
7.63	-11.95
-6.96	-4.58
-1.20	0.23
-1.66	-10.05
4.29	-8.32
6.68	-0.72
4.90	-7.25
-3.51	-10.49
-7.89	-2.44
-5.85	-0.47
-3.20	-2.27
7.20	11.47
-10.74	-12.35
6.33	2.11
-9.42	11.06
-12.11	-11.83
2.47	10.68
-9.80	10.16
12.03	-3.30
-6.08	0.17
-1.47	2.17
7.43	2.49
-7.28	11.50
-7.04	-1.21
11.61	-5.70
-11.69	7.13
-7.21	4.89
9.61	-3.52
3.27	-8.95
-3.65	11.76
-6.45	4.47
-4.68	-7.59
3.09	-3.67
0.22	11.77
-8.20	-2.87
6.84	12.53
8.38	10.62
-9.93	0.63
3.51	2.94
0.20	-3.39
7.68	-6.08
0.29	-10.21
-7.58	-9.04
11.88	-0.50
-3.98	0.06
8.82	0.82
-2.85	-4.09
-3.33	-0.82
7.27	-10.02
-8.78	4.09
7.59	-3.33
5.66	-7.46
-5.93	-5.83
11.78	10.51
2.26	3.83
11.82	10.71
-4.87	-6.50
-11.09	1.60
11.55	5.11
3.55	-6.49
5.75	0.13
9.73	-7.52
2.94	2.07
-6.92	-3.21
4.12	-3.10
-10.56	0.82
-6.69	0.84
-5.38	6.14
-11.26	3.11
-10.03	2.85
-4.04	1.58
8.64	-5.84
-10.31	-12.02
6.02	-11.18
-6.11	-12.22
4.36	10.04
-3.00	-12.27
-7.02	10.33
11.86	-2.30
-0.37	-3.98
7.48	9.15
12.53	-7.26
-11.23	-9.99
-8.30	11.81
-4.80	-12.12
1.49	-3.18
-12.31	0.80
1.14	-3.94
-5.62	-0.10
7.36	11.55
5.39	-10.34
-4.83	9.79
11.75	1.56
6.30	0.01
6.63	10.38
-9.62	2.85
-4.93	-11.84
9.05	-3.38
10.54	-9.29
-12.23	10.81
-10.51	9.44
10.19	9.93
12.34	-4.34
2.72	11.73
-8.02	-10.40
-3.79	-5.79
7.64	-5.19
5.97	10.86
0.23	9.30
7.59	8.57
-9.40	-4.47
0.45	-2.54
4.75	4.33
5.42	9.92
4.45	2.41
-12.49	2.61
6.09	3.41
2.77	-10.82
2.76	-1.21
9.39	-10.01
-5.77	-1.92
-2.44	10.08
-10.47	1.37
9.03	-2.91
9.82	1.68
3.90	-7.03
7.84	-5.92
8.28	-5.04
10.83	5.96
7.72	-3.16
5.44	5.98
6.22	-3.10
3.29	2.99
5.29	-0.23
-11.14	1.05
10.69	-2.47
-3.38	-5.59
-11.80	-5.95
4.47	8.05
-5.61	8.61
3.28	-7.71
-4.24	12.02
-6.48	-5.13
0.06	11.80
7.71	-3.41
10.40	6.36
2.11	3.58
-2.33	6.75
11.23	-8.85
5.49	-7.18
1.46	-12.17
7.11	-12.54
-10.17	5.95
9.09	-10.51
-12.08	6.87
1.26	12.44
9.91	-1.41
3.07	-2.80
7.62	4.34
-9.87	-11.76
-0.65	-7.59
11.20	-5.03
8.59	-10.57
-10.85	-2.21
9.80	10.37
6.96	6.68
7.47	11.93
8.42	1.35
2.59	3.49
7.48	-0.80
8.29	7.37
4.96	5.63
6.65	4.02
-3.17	7.38
-2.67	-3.06
-2.50	-6.41
-5.04	11.07
7.22	7.53
-8.03	2.26
-3.30	-5.59
-11.23	2.28
-10.88	-2.50
2.23	-3.73
-11.75	0.62
-0.05	-6.20
12.12	-6.49
-3.62	-8.38
11.21	-1.04
6.40	1.81
-12.13	12.27
-6.90	-2.64
3.40	10.44
10.96	-8.56
-2.62	12.55
6.93	8.12
-3.17	-8.71
-10.96	5.40
-0.84	2.80
7.56	-4.76
-4.42	5.75
-11.05	-7.30
-12.06	0.02
8.97	1.28
5.84	6.98
1.95	-5.18
-3.70	8.87
9.21	-6.77
-9.37	1.59
3.90	-3.97
-8.99	-4.92
10.10	-9.49
5.14	-3.21
-0.66	7.29
-1.12	9.74
0.71	9.96
-3.90	-9.52
4.93	4.51
-1.31	-1.39
-4.11	4.66
11.41	-5.97
-8.52	1.65
2.01	-6.58
1.10	4.82
-10.87	8.53
10.64	-7.47
-2.31	5.66
7.31	-3.45
10.33	7.25
10.13	4.13
-5.68	5.64
0.40	10.88
-3.60	8.50
3.52	7.72
-1.18	-1.39
0.80	-3.68
-0.74	2.46
10.42	-6.40
2.05	-10.08
4.72	10.25
2.14	4.71
-6.74	-6.64
-1.77	-10.72
6.09	-11.59
-10.07	-12.41
-1.76	-8.96
-4.26	9.58
8.30	-8.18
-1.63	-0.35
10.31	-2.75
8.65	-3.41
-8.88	2.35
8.89	10.70
-6.38	-11.17
-1.11	9.46
5.83	2.70
-11.03	6.56
-8.12	0.60
-2.72	-2.30
-0.38	2.50
7.72	8.96
-6.67	9.09
8.99	9.81
7.11	5.12
10.25	4.55
0.32	7.80
-5.79	-9.25
-4.12	-8.48
-2.78	-1.30
-4.29	1.81
-5.12	-9.21
-8.56	3.52
4.84	-10.37
7.23	7.35
6.91	5.85
7.19	-11.65
-9.26	-9.42
-0.32	-2.52
8.04	7.95
-9.96	2.06
-11.46	8.56
9.92	-7.24
4.76	1.54
-1.39	-6.36
-4.32	-5.54
-9.58	-0.74
-6.85	-1.56
7.61	6.34
-4.90	12.16
-9.92	5.39
11.24	11.04
-4.73	5.56
-10.00	0.75
-0.16	3.81
-10.80	-5.93
-3.43	6.22
12.36	-6.97
3.75	10.97
-10.26	-1.92
12.29	-1.91
-2.87	1.19
2.96	-12.10
4.63	-0.08
-2.79	2.82
-2.09	-7.00
-12.23	-0.79
-12.28	-12.38
6.00	-0.22
-4.81	11.26
-10.46	-1.41
6.53	3.47
3.69	-8.39
11.76	-7.14
-0.79	-7.53
-0.85	6.71
9.91	9.43
-0.11	6.25
-2.67	8.01
11.21	0.99
-4.02	-10.47
1.31	-1.47
-4.66	1.07
9.99	-1.31
-9.73	12.24
6.97	9.91
-6.16	-2.45
12.35	3.78
-0.65	-6.80
4.91	9.53
-3.77	-11.89
-12.04	-0.23
12.06	8.74
7.73	-3.82
-3.85	7.57
10.50	11.34
8.03	6.24
7.66	8.00
-10.98	7.27
5.26	-12.51
-1.00	-6.55
-10.17	-6.33
-10.99	-10.71
5.78	-10.52
11.97	-2.37
-10.27	5.85
-11.37	-1.86
3.86	-8.44
4.89	-3.40
11.09	3.35
5.61	-0.79
-8.49	-8.59
-11.80	4.65
3.80	11.99
-9.05	5.88
-4.57	2.17
3.70	0.15
7.26	-6.75
6.60	-5.31
11.50	7.20
-4.64	-9.09
-7.34	7.46
6.99	8.19
4.29	-10.09
-10.04	-7.80
-0.38	7.98
-2.86	-2.85
-7.96	6.53
6.61	-0.26
-12.20	-8.63
-10.42	-9.36
-7.34	-0.34
-0.19	-3.57
11.24	3.41
-7.47	7.16
-10.50	11.44
-3.54	12.44
-2.08	9.63
-8.18	6.34
6.47	4.22
-9.78	-11.63
6.22	-2.76
-4.30	10.80
11.49	10.41
-7.72	1.30
1.94	3.16
-8.13	6.39
1.76	7.75
-9.43	-12.12
-10.07	-5.03
-0.91	-10.77
2.35	3.05
2.61	-10.86
8.88	-9.22
-0.25	6.57