84.18
993.81
1365.19
3261.75
2577.64
2713.50
4258.44
736.45
1142.32
2304.34
1955.91
1646.45
262.13
2182.53
1894.85
3168.92
1717.29
2439.93
2985.90
272.16
730.29
157.12
931.62
1957.44
2082.92
3029.06
810.51
357.32
2530.13
1797.26
1776.08
3955.93
1421.28
1056.43
3742.71
4473.85
1460.14
1163.95
2170.67
724.80
1713.39
1592.93
3806.16
792.85
678.17
202.64
4604.77
295.11
1791.44
499.56
4232.40
2242.85
2719.49
3770.79
1368.94
2293.27
1316.49
2178.46
1583.91
796.13
113.90
2105.59
3073.86
1683.44
359.35
402.60
79.98
1341.46
136.54
3034.12
356.81
4249.42
143.08
2159.13
1209.90
3436.51
508.30
2138.85
900.52
4271.62
4629.47
5087.81
252.00
1719.90
2340.20
2552.30
101.20
1491.17
1928.40
1039.85
193.33
2272.96
1820.58
3136.38
2967.36
54.61
410.38
2117.31
2043.60
2486.67
2030.96
2673.20
63.49
5798.83
136.04
1138.69
2177.26
974.63
2689.90
3815.13
301.07
4180.70
5378.63
1910.01
459.10
111.26
5188.54
872.90
296.88
2573.83
1240.53
2790.95
6814.38
620.26
1404.74
1670.66
25.91
3907.98
2879.96
2127.00
4700.54
1520.26
2036.97
3465.92
1130.45
2737.71
61.26
4075.49
2145.33
450.89
1872.28
3026.65
364.12
3274.61
178.16
2632.04
3679.26
1491.70
3325.67
163.86
439.49
1759.47
453.19
1735.05
47.85
3271.34
2845.60
1858.49
1618.90
2741.59
264.17
2923.31
3222.05
3328.57
499.29
996.17
1844.11
730.88
1552.03
1115.24
725.79
2501.97
308.33
1014.37
3080.63
1782.09
2618.60
2399.88
576.10
1766.91
2349.90
4707.44
821.57
3240.67
57.07
2346.55
1385.66
2985.41
3976.23
111.61
3132.50
3161.34
1564.01
1283.52
3413.73
2224.05
3178.17
2830.55
2659.95
3920.59
228.59
1626.09
79.63
915.05
614.21
129.04
2872.17
2441.24
1736.86
1576.97
1491.70
1647.29
3040.61
917.74
131.01
4151.55
1371.47
1914.78
2098.89
1533.90
2898.17
1611.02
242.81
4897.11
1560.83
4528.55
1977.28
1588.52
83.53
1962.65
164.84
1403.74
1919.03
1551.25
3006.84
2216.46
3845.72
2645.18
624.52
2045.44
524.15
1904.52
598.10
4796.81
1696.61
808.89
2569.29
438.69
424.05
1210.62
132.77
2053.44
798.61
1573.75
1567.40
332.87
327.56
168.33
153.43
2488.90
2320.97
2687.20
2084.29
1945.39
89.63
1748.57
1419.51
1451.17
1033.65
3081.89
2881.04
2561.96
3713.83
2187.21
2760.52
2857.99
3241.95
2554.36
56.50
577.79
4645.66
425.92
2284.78
3307.71
4123.69
2190.22
1600.99
2955.48
1337.40
2909.97
288.29
1884.84
340.21
173.85
3001.93
1973.50
831.35
2958.29
161.67
347.77
1021.14
2729.81
610.18
2466.54
45.33
2469.26
3401.48
1858.19
2684.62
2264.63
3651.09
414.48
1750.07
541.76
1709.26
1779.86
2211.57
2206.03
2711.67
1353.21
57.81
4921.41
1672.33
125.14
2661.31
1070.97
1248.16
895.89
2334.08
2402.01
2811.01
4065.51
2794.13
337.86
65.31
2870.06
3681.00
1096.60
1072.31
4360.42
226.02
5017.21
642.29
317.20
1978.89
3949.60
2142.97
110.75
1989.91
4671.75
3913.12
3464.94
633.37
36.60
1007.87
1288.18
769.29
1940.56
1972.86
742.77
279.74
129.67
1.37
3116.61
3407.03
2363.44
2606.40
599.76
151.64
1504.90
30.07
685.47
2108.08
2191.21
3067.13
1417.30
2120.81
2043.94
1432.98
3351.19
731.85
4460.54
1762.26
1189.33
1719.04
7.11
2726.23
2862.69
3689.05
29.95
3709.97
1445.91
1759.14
3520.80
997.63
426.01
4165.25
3106.35
1038.87
4925.26
3318.63
894.56
454.19
1092.83
1234.85
670.97
1255.88
2250.63
2392.86
884.03
2642.73
585.20
3482.43
3259.26
41.10
99.12
5130.02
241.68
1303.05
208.30
3014.89
480.30
248.32
181.69
3302.25
1324.45
2058.12
2928.60
1779.22
2818.44
1782.01
6607.88
82.85
1343.85
1066.88
540.69
3062.79
374.21
3668.31
1781.28
27.78
2180.90
848.63
1228.51
1996.72
194.10
2301.93
873.12
3162.99
109.26
223.03
828.08
3981.05
2148.55
935.28
3614.31
2166.26
2696.38
4880.96
307.14
2570.34
4505.73
1477.39
663.12
2321.44
1058.74
343.03
156.06
3694.41
1118.33
1183.56
984.47
2847.21
1005.61
4289.33
1891.88
2094.98
80.47
1934.89
6179.47
403.38
289.53
1680.75
3376.42
2224.75
160.44
2058.44
5253.35
2036.63
597.12
267.27
563.63
2804.36
1515.80
1771.73
5140.13
501.75
712.52
423.93
115.54
1231.35
346.94
731.69
2493.68
2620.09
160.79
2378.25
401.50
1737.95
325.08
2943.66
2277.51
4228.82
4661.01
4052.40
4753.58
1369.51
2635.85
2890.68
2028.60
1521.79
1095.42
2298.95
47.49
2646.08
189.77
997.16
1439.72
150.49
1742.76
49.84
2287.35
2736.05
1462.49
379.72
1205.86
3143.48
11.33
16.53
3406.07
62.89
2353.04
2209.17
1596.86
2724.90
1356.82
673.96
4758.94
1705.08
1700.80
1457.20
534.76
3562.22
508.77
890.11
125.62
1159.34
888.20
4821.52
987.43
2530.23
2428.29
3075.90
1677.72
1529.64
2004.20
1757.71
815.29
4065.64
2987.66
1524.44
1498.05
191.42
3151.89
1644.61
1789.54
2063.62
704.84
2609.15
1949.33
2035.60
2246.45
1185.74
2474.94
2420.58
215.95
3734.63
1754.85
1673.24
1027.63
1440.61
2788.36
1352.39
6003.88
2927.90
1697.72
3237.56
765.24
472.10
5162.44
1421.61
50.80
1933.26
3127.47
242.00
206.68
2412.15
1901.79
6141.28
206.79
3108.04
644.93
2988.38
3578.33
3411.47
2653.25
244.50
2120.00
178.98
1749.05
185.01
1757.56
348.63
148.31
6430.33
1892.51
2846.22
539.73
75.83
2089.63
1836.29
3614.81
1806.99
2239.46
386.96
1943.14
1800.36
3219.77
2300.72
5522.09
2470.37
2130.31
2766.57
502.44
966.28
2317.60
9.45
710.69
2603.26
1428.87
1070.19
2100.98
453.67
3319.96
2890.31
3844.71
6288.15
987.95
80.79
2469.45
566.64
1721.64
2828.52
72.30
1603.82
918.04
3105.17
830.18
2467.48
141.51
2312.15
3454.52
1877.01
61.69
4508.31
151.22
853.26
3681.21
5003.24
1224.79
2577.83
3456.29
1545.61
2046.15
1480.84
57.34
24.55
2153.87
55.51
2802.01
2335.67
5286.18
2542.83
111.28
232.95
2605.99
2136.49
2810.60
4692.75
3636.14
1668.88
1170.62
64.92
2205.13
774.09
495.43
299.66
1736.70
1835.33
572.48
1584.84
351.66
1826.28
1089.18
3252.96
184.21
2519.72
1242.93
702.03
2024.38
2708.94
3075.97
2785.97
864.26
1981.19
617.53
5122.46
2029.87
4538.25
5189.27
56.14
3953.78
458.18
2889.38
6427.06
3404.64
1610.11
2268.13
2265.06
1335.57
176.22
1718.85
484.96
2381.48
512.30
200.23
1334.47
4221.33
3927.59
24.09
379.77
2597.08
2007.61
3376.13
2297.70
3559.28
3157.00
338.79
2157.72
16.68
1386.52
2909.62
249.57
109.88
1815.90
646.21
194.09
2061.41
1577.91
427.50
1979.26
2144.50
1483.74
1337.59
1502.59
3483.50
595.35
3665.07
947.17
16.91
3320.37
452.11
602.68
3912.70
3766.51
3203.10
1653.20
1193.13
64.12
56.63
2339.07
385.55
318.72
1109.08
424.84
1048.07
3918.73
411.86
312.97
4566.24
1270.33
1617.70
3272.26
4318.84
1125.19
478.83
2885.04
3950.23
2486.39
1006.76
25.61
1546.97
399.16
843.53
3872.60
928.10
2740.90
1069.35
112.13
5213.15
3906.46
888.73
2909.09
1330.58
2965.21
1816.52
1389.42
2300.13
1425.54
230.50
1065.49
2645.31
121.47
566.57
2579.27
2393.53
974.07
3409.11
3261.78
93.78
998.45
826.80
2223.10
1483.60
12.06
1204.10
6.15
1566.47
100.44
1089.21
125.62
5060.26
425.25
1196.26
2264.15
1201.85
1288.25
2288.13
2.21
2843.16
232.07
18.81
7.61
503.44
763.74
3085.36
1621.19
2031.76
1445.53
3138.41
4010.71
75.00
90.66
3590.62
993.60
1543.76
2234.31
50.97
1918.47
1023.09
687.23
1244.63
2948.82
9.44
1356.25
2212.74
656.32
1759.43
3981.20
2954.91
6604.86
3848.82
2502.67
283.93
1099.40
1819.39
394.08
5211.11
1240.34
553.03
523.57
914.57
1020.85
16.88
88.77
1045.34
3004.84
2556.57
4531.62
1842.24
1106.22
1468.08
2165.91
3890.17
2682.62
836.48
1406.55
119.20
2652.43
1163.85
1549.49
3755.82
2355.58
3777.06
40.47
4951.65
942.61
1321.71
502.61
2734.64
2990.63
3143.74
3372.40
156.77
90.28
3286.16
2968.59
2364.31
2582.40
3436.59
2209.52
1466.75
3520.60
408.67
6048.88
4777.58
1291.30
3760.55
1838.37
1538.86
3246.86
181.00
4317.93
141.34
1705.27
5843.23
3338.72
2458.13
2518.45
1543.93
1122.34
2581.51
1285.28
1178.01
553.62
2503.57
3390.96
3033.93
22.62
2362.20
1497.33
3241.93
4257.57
1805.85
3441.86
5277.58
0.66
1477.65
55.21
6095.82
1226.19
4337.97
2991.09
2583.37
2829.93
329.14
1295.06
1451.30
1893.37
2938.34
3243.87
221.62
3295.71
673.47
1128.71
3271.35
1542.76
343.92
1502.98
1461.04
