-4.27	-1.17
13.02	-4.83
11.93	14.90
11.53	22.42
13.57	18.78
12.78	18.50
17.18	23.09
11.94	0.08
1.15	16.24
13.50	15.76
19.15	2.02
15.52	9.15
0.97	7.85
4.86	23.29
19.41	1.30
24.11	11.02
16.12	13.87
9.50	19.86
23.41	3.18
6.79	-2.95
1.90	13.34
-0.71	5.81
12.23	-4.29
18.06	5.01
18.78	4.81
14.41	25.21
-4.17	13.41
-3.91	8.18
20.06	16.32
15.41	15.79
18.02	8.53
16.53	21.33
12.10	9.97
11.80	7.64
22.31	20.97
25.38	21.66
13.49	11.86
13.27	5.60
-1.49	22.87
-0.85	13.17
1.29	20.17
17.25	-2.25
21.02	16.00
11.46	5.50
8.79	6.21
2.84	6.28
17.26	24.96
7.48	-0.07
13.25	16.84
3.47	10.33
23.99	14.52
6.42	20.64
13.80	17.71
24.38	18.51
0.28	18.15
15.01	16.99
16.30	4.01
18.32	10.70
1.89	19.16
11.01	4.61
-4.39	2.53
15.54	11.11
21.57	12.89
17.78	4.22
7.54	4.67
9.01	-3.48
1.54	-4.65
16.50	4.45
2.58	4.06
20.60	11.56
-1.87	8.65
15.55	25.98
0.65	5.68
-3.62	22.34
15.11	4.10
7.74	26.40
6.15	7.27
3.86	21.38
4.23	14.58
25.09	21.43
24.12	24.10
18.12	25.43
4.98	4.59
6.17	20.67
12.29	16.63
5.17	23.35
-4.81	-0.79
15.46	12.00
19.96	-3.68
13.68	2.69
5.85	2.02
11.40	17.05
18.46	-3.84
25.17	2.20
24.60	4.69
1.10	-3.72
4.18	8.61
12.17	20.35
5.54	22.24
13.98	18.67
20.19	1.56
1.45	25.75
-3.10	1.47
25.42	19.30
2.03	4.93
10.68	9.23
-2.73	23.18
0.98	15.08
20.37	17.45
17.00	25.29
7.55	1.83
19.49	23.50
25.17	24.52
-1.55	21.08
-0.85	10.13
1.50	4.89
25.26	18.08
2.73	13.41
-1.35	8.03
22.53	-0.26
12.08	11.09
17.05	19.18
25.19	25.04
-0.83	12.06
11.82	15.87
17.82	1.15
2.15	-0.50
26.05	14.25
-1.17	26.16
20.87	4.38
23.54	25.39
10.30	17.45
7.40	19.28
24.16	6.88
12.69	5.88
22.85	1.51
1.86	2.49
24.91	20.94
17.66	14.11
-2.35	9.74
15.10	9.96
18.72	15.97
8.23	-0.82
25.15	-1.38
5.39	-4.04
21.46	-4.87
26.09	-3.70
12.62	14.41
20.11	17.66
5.52	0.70
8.63	-2.40
4.81	19.96
6.40	8.98
-4.39	19.18
-3.30	-1.56
15.96	22.17
-1.32	25.97
11.43	16.62
-0.61	19.74
22.70	-3.79
7.25	-1.89
23.82	-3.27
22.27	8.65
21.24	21.17
8.25	7.24
4.45	13.64
18.91	-0.86
-2.63	13.53
2.99	18.78
0.04	16.32
5.00	10.86
11.03	22.82
-2.67	8.20
12.76	6.19
16.68	20.57
8.39	20.17
10.47	20.13
10.38	23.65
10.70	2.95
18.73	2.98
10.73	19.21
20.70	21.10
0.72	13.89
19.14	21.69
-1.98	-3.20
21.22	1.89
9.17	14.41
14.57	25.23
20.31	19.89
2.66	-3.99
18.74	21.01
8.61	26.37
14.02	10.85
-4.11	16.23
21.55	13.74
20.12	-3.31
25.41	-3.14
16.62	21.05
20.07	14.71
25.24	8.02
-4.04	5.05
16.01	12.58
-0.72	4.05
-4.50	14.46
-1.29	12.19
-4.20	-3.01
22.65	7.73
21.55	-4.04
-1.52	20.44
14.56	14.52
15.90	8.17
17.90	-1.06
7.51	24.04
8.35	13.58
3.72	-3.43
19.13	25.29
7.59	16.75
16.20	11.60
2.00	22.11
13.03	12.04
23.41	9.36
-4.69	18.79
1.20	7.01
23.02	25.88
16.73	2.78
20.85	25.96
12.77	15.26
-2.38	19.36
1.59	-4.11
7.87	19.68
1.75	5.71
15.21	11.41
3.28	21.05
17.43	-4.08
7.41	24.38
0.61	23.10
25.49	19.12
17.29	14.00
7.99	7.88
11.52	18.74
9.75	2.57
17.94	-4.93
4.07	11.72
24.16	15.91
-1.40	20.08
4.19	13.66
18.12	19.51
9.27	1.65
-0.22	9.92
1.71	16.95
-2.15	5.43
-2.53	22.77
-1.54	13.63
-2.60	18.71
-3.79	18.68
-1.71	8.98
7.34	4.85
5.67	0.94
3.14	4.04
21.76	-4.82
20.73	9.03
15.31	20.50
6.15	22.71
19.68	3.11
-2.16	4.32
-0.84	20.73
16.04	6.18
11.14	13.29
8.49	12.61
19.52	18.13
22.23	5.88
5.31	25.52
22.48	12.20
-0.99	22.76
6.85	24.26
1.68	26.26
25.56	2.56
22.36	1.16
-2.48	-2.72
10.63	2.76
21.77	25.41
0.54	10.05
21.18	3.55
13.39	26.13
23.97	17.23
18.21	8.61
17.31	-2.21
8.22	25.17
16.37	4.13
23.15	-4.09
-3.03	7.86
14.97	11.24
6.64	-4.26
5.84	-2.99
19.23	14.36
11.90	14.67
10.00	10.73
3.32	25.96
4.23	-3.46
6.91	6.27
4.29	14.69
23.07	4.68
6.86	7.65
12.85	22.39
-3.00	-1.38
22.05	1.59
12.26	25.13
18.90	-2.54
7.61	25.96
21.10	-0.57
18.41	19.89
-4.98	9.55
-3.96	21.06
2.74	11.45
16.74	5.90
5.62	18.57
-3.57	22.04
2.52	22.48
23.51	-3.99
13.84	6.96
-0.04	-4.21
26.25	24.52
8.46	17.74
2.49	-4.87
18.51	16.48
-1.04	15.76
14.87	5.11
8.66	9.05
14.66	15.19
22.15	-2.86
19.13	18.81
22.72	22.06
19.55	12.22
-1.74	8.28
-3.43	-2.02
24.05	-4.81
14.15	23.76
14.33	1.16
8.90	14.36
25.71	22.61
5.70	4.82
25.44	17.38
10.22	-3.59
7.74	-0.36
15.91	9.70
25.54	12.14
19.45	4.23
3.91	-2.23
20.15	5.03
16.15	26.14
26.30	7.08
17.50	26.15
9.74	3.74
2.19	1.48
11.63	8.60
15.20	2.52
12.32	2.05
0.96	21.39
-0.95	21.59
4.51	11.18
6.86	-4.92
-4.98	2.67
0.20	-1.01
19.68	21.51
23.75	8.88
19.28	13.58
6.39	23.95
5.85	8.66
5.29	0.12
14.46	10.24
-1.32	1.87
7.59	11.25
15.40	17.00
-1.39	22.99
19.40	21.20
7.58	15.06
12.74	16.96
16.13	9.94
10.03	13.19
25.71	-1.05
11.53	1.75
23.09	16.40
8.15	18.77
-2.90	15.98
17.10	7.02
0.96	-1.27
15.93	22.68
23.82	2.23
10.69	25.48
1.94	-1.41
22.60	18.99
0.25	18.59
14.52	13.71
25.43	10.27
11.91	6.28
8.01	5.47
24.81	14.39
9.89	22.91
12.98	-4.34
24.93	22.86
16.43	25.54
12.35	4.54
9.61	-3.29
14.01	8.38
11.06	10.20
-3.85	11.04
2.27	17.51
20.91	10.12
19.97	7.62
5.80	14.38
22.05	-3.29
10.40	5.53
26.04	1.26
8.25	25.94
-1.89	2.17
-2.58	-4.02
20.19	23.19
6.66	-0.93
16.14	1.71
-1.20	6.72
21.41	8.52
4.33	8.46
5.51	-4.14
-0.04	6.38
16.98	21.03
1.05	17.53
5.17	22.30
12.61	19.71
18.98	2.29
23.25	-1.56
-1.13	20.97
24.87	23.74
1.05	-4.61
9.15	14.43
14.30	-3.77
-1.50	10.88
21.39	11.04
5.90	8.04
26.28	9.43
13.06	13.33
-2.55	0.47
12.76	20.21
-2.37	14.28
4.85	16.88
19.62	-1.84
5.91	2.60
21.74	-4.95
1.48	14.00
25.26	3.38
-2.56	-4.72
5.15	-4.03
1.64	14.24
18.79	25.01
19.94	4.86
0.95	14.83
8.07	26.33
20.60	-0.12
-0.81	25.41
18.54	24.63
7.31	2.72
3.62	24.83
19.04	24.10
-3.41	17.78
11.69	-3.38
21.37	0.18
14.25	4.20
5.54	6.69
4.12	3.86
16.58	20.05
7.92	14.29
0.04	16.83
11.12	6.71
1.23	26.12
7.74	12.26
20.05	21.66
3.36	21.82
18.56	13.22
2.51	2.72
19.62	-3.12
21.85	25.47
-3.39	9.86
5.36	-4.95
18.13	-3.59
24.84	13.68
19.21	7.29
4.16	-3.52
19.61	3.21
26.41	23.32
8.65	18.07
1.10	11.74
2.59	7.36
6.18	10.58
21.41	13.63
17.61	-3.60
7.19	17.31
19.50	25.37
9.79	0.61
10.95	2.60
9.11	1.06
3.48	-3.03
15.31	0.81
2.87	8.79
0.23	13.15
6.65	24.90
7.85	21.95
5.37	1.82
12.40	17.15
7.61	3.52
6.54	19.74
-3.41	7.65
17.23	20.85
3.48	24.00
26.41	16.88
19.20	25.88
19.64	18.15
20.37	20.94
-0.30	18.21
10.08	20.27
11.01	25.00
19.86	-2.67
16.98	-2.36
14.74	-1.07
21.09	1.71
-2.27	1.89
15.97	20.24
2.76	6.26
13.04	-3.73
13.29	14.55
1.54	5.29
16.33	13.56
2.23	2.48
21.45	-2.13
3.25	26.30
9.18	16.98
1.60	8.89
15.63	3.03
21.36	9.76
-1.70	0.13
1.68	-0.60
23.64	7.21
0.30	-4.41
-4.22	22.78
11.98	20.19
9.21	14.84
1.92	25.41
12.94	14.34
10.64	-4.60
22.43	21.00
4.90	20.34
-2.88	20.71
1.91	18.75
7.64	8.35
21.02	18.22
8.91	-3.90
12.44	2.45
4.82	-0.18
1.77	16.82
13.11	-1.60
21.98	23.12
11.65	8.50
21.82	-2.94
15.49	21.02
20.63	10.60
6.55	17.17
8.67	16.74
-2.84	21.42
15.46	9.33
12.66	1.52
23.23	22.20
17.18	23.25
5.85	19.41
-3.87	19.51
-0.49	6.65
13.90	19.75
17.45	3.10
-3.05	19.81
-4.79	21.02
5.61	10.86
9.83	21.97
18.78	4.20
2.77	22.34
16.49	11.78
14.88	6.67
-2.48	24.20
11.47	23.50
4.65	3.93
22.40	19.88
18.87	2.73
14.01	11.05
13.38	-3.90
17.23	-4.04
21.01	7.74
4.27	16.46
21.43	25.32
14.19	22.21
16.48	10.50
20.93	11.50
11.82	-1.92
8.11	3.76
22.26	22.47
16.54	-2.30
1.99	2.75
15.23	12.67
25.34	4.64
-0.45	7.52
5.18	4.08
13.29	21.92
5.19	19.35
24.59	25.86
-4.43	6.19
3.59	26.35
10.69	2.63
22.98	5.25
19.83	19.07
18.16	20.98
14.32	19.69
6.99	-1.09
9.38	19.61
-3.12	6.21
-3.07	20.52
-4.25	3.86
17.23	11.94
1.61	8.71
1.27	5.30
23.69	25.28
9.26	16.68
16.82	20.44
-4.69	9.09
3.28	1.29
12.77	15.52
7.92	17.51
21.69	14.61
7.32	20.98
19.03	10.51
5.24	8.25
18.60	3.67
4.29	19.22
18.37	20.13
20.83	5.24
24.46	20.31
4.61	25.05
20.35	-0.93
21.55	12.21
9.93	0.75
12.66	6.00
13.26	21.83
1.31	-1.10
2.72	12.92
4.16	23.68
14.04	10.33
14.67	1.88
15.77	16.69
-0.86	10.09
21.39	21.21
10.30	26.14
19.93	23.04
26.00	21.41
7.51	11.49
2.11	-4.60
21.82	-1.03
-0.16	11.56
-3.02	19.89
23.81	6.94
0.82	3.85
17.33	-1.88
6.66	12.33
11.98	23.80
1.52	13.73
7.43	24.13
5.31	-1.04
21.58	-1.56
25.71	-2.04
10.05	18.70
-3.35	1.23
23.72	16.20
4.46	3.13
6.18	12.30
23.13	20.73
19.38	23.14
12.77	7.42
21.69	8.66
21.47	12.41
17.42	-0.98
17.67	7.51
9.72	16.24
2.75	-1.70
-2.09	-1.23
-2.18	22.31
-1.85	-3.36
0.95	25.85
21.77	-3.82
23.81	20.19
22.73	-2.52
-4.19	-3.09
-4.80	5.65
22.03	3.94
2.55	22.72
23.65	-1.52
19.34	23.28
20.78	24.33
5.23	18.04
6.50	14.49
1.42	-4.16
20.27	-4.78
6.02	11.12
0.14	10.80
7.48	2.90
18.30	7.96
12.27	14.74
-1.30	11.32
17.15	-3.04
8.47	-3.01
18.87	-0.24
12.11	10.55
10.89	24.98
-4.07	4.08
22.00	1.11
9.69	15.83
8.33	9.12
20.31	3.13
12.26	20.08
21.89	17.60
-1.51	25.79
-4.89	14.61
1.95	21.60
9.25	8.18
24.66	19.47
-2.65	21.41
23.04	19.57
26.34	20.05
3.19	0.46
15.55	22.27
9.32	-0.66
22.44	5.71
26.18	24.10
25.47	1.83
17.75	0.01
11.16	17.25
20.36	11.09
14.33	11.96
-4.63	-4.05
-2.21	20.39
-1.01	10.37
21.93	2.07
2.63	9.99
3.88	5.62
14.93	5.82
23.35	17.26
20.78	19.26
2.00	-1.79
-0.99	9.59
20.21	9.05
18.46	7.47
21.54	16.95
21.43	-1.00
24.00	19.31
18.11	23.18
2.98	7.64
13.70	15.69
-0.32	-2.43
4.37	16.55
22.79	5.30
6.98	-0.51
3.05	-3.44
-3.38	21.05
10.76	1.53
3.10	5.77
-1.18	22.14
17.73	-2.89
6.04	6.33
15.70	17.29
17.01	15.27
14.06	14.03
-4.70	16.62
10.22	15.17
24.73	11.80
8.88	8.72
17.79	19.49
13.37	6.85
-2.04	-0.28
25.37	1.66
5.06	9.34
10.81	0.14
26.17	6.45
14.78	24.56
24.18	5.66
13.42	14.24
7.55	14.44
0.99	-4.13
-0.36	3.48
21.10	6.44
8.49	2.02
1.72	8.19
6.98	15.99
-2.61	9.88
12.70	6.15
16.31	22.94
8.87	-0.06
7.74	-0.16
23.62	17.19
1.27	17.35
17.02	-3.66
22.53	19.25
15.20	26.37
13.91	3.33
5.91	9.72
24.17	2.62
19.22	20.34
20.98	5.09
12.20	5.76
-1.79	1.90
17.05	7.96
8.11	-3.71
12.61	6.14
23.65	17.55
2.61	15.07
-2.99	24.93
-1.46	16.25
-4.97	-2.76
25.66	22.33
25.08	8.32
13.09	0.32
24.37	6.54
1.16	17.55
24.12	7.70
18.70	0.87
2.77	18.53
20.44	-3.65
14.15	9.26
5.40	4.43
13.99	2.44
23.26	3.85
-0.71	5.26
3.55	11.66
1.19	25.06
22.03	4.16
-2.69	14.88
18.36	23.95
17.84	24.09
4.18	0.36
14.01	5.82
5.49	11.70
13.80	19.65
-2.73	18.70
1.31	0.22
15.25	0.58
0.73	-1.12
3.90	18.71
2.95	-3.69
11.94	11.20
3.12	4.40
23.97	18.20
8.15	4.89
14.04	4.02
-4.72	22.67
12.84	7.95
15.81	4.76
14.94	20.58
0.26	-1.07
8.55	23.64
2.30	6.46
0.03	-2.60
1.08	-1.16
9.56	-3.14
-3.18	12.64
6.55	24.82
13.25	11.03
9.12	19.94
4.82	17.19
23.84	8.77
15.99	23.15
3.28	2.22
-1.16	4.40
10.34	26.12
12.53	7.11
17.23	-3.37
15.87	11.63
-2.50	1.74
-4.51	22.06
14.31	1.50
-0.52	12.62
7.42	13.57
9.33	23.47
-0.63	-2.11
6.81	14.77
21.31	-4.77
6.96	11.16
7.87	17.13
26.12	17.52
24.05	1.17
22.79	26.00
25.56	9.27
9.23	21.03
0.61	7.98
-2.23	15.54
17.03	13.83
8.59	-0.73
19.68	24.22
14.30	5.09
-2.08	11.01
2.28	11.04
13.14	0.80
9.74	13.31
-0.70	1.78
3.56	1.70
-0.66	15.65
24.64	7.36
0.39	24.99
22.51	19.05
-2.36	20.72
7.36	12.29
7.91	15.70
20.96	3.21
20.69	17.63
-4.34	25.59
-2.91	14.15
9.29	15.50
4.72	-2.88
-4.73	24.25
2.44	16.95
2.26	19.03
17.09	21.77
14.75	14.01
26.22	-4.52
-1.71	-2.72
20.19	22.60
0.89	15.15
5.68	17.23
-2.44	10.64
17.89	19.08
23.82	13.16
25.30	5.44
19.24	18.71
5.02	3.12
0.71	4.33
25.45	-0.43
23.37	-4.80
-3.72	23.94
13.95	23.06
26.29	-3.72
-3.93	21.95
10.57	12.70
25.86	14.06
8.44	-1.93
24.96	24.87
20.18	25.18
-1.31	17.34
13.50	24.51
11.07	16.45
7.74	17.45
22.89	10.84
-1.11	6.40
22.02	20.62
-0.83	5.37
1.82	19.90
25.63	24.74
6.08	26.41
11.20	21.42
19.44	11.32
15.14	13.58
13.34	10.02
17.27	12.87
12.27	8.36
14.97	1.39
4.62	10.38
11.93	21.56
13.75	22.90
5.31	25.66
1.95	-0.44
10.39	19.46
16.26	5.66
13.46	25.64
22.41	19.95
16.25	7.55
12.02	23.18
23.54	26.13
-0.75	-0.34
-1.77	19.07
-3.35	-1.47
24.58	21.83
-3.75	16.55
18.89	22.07
9.38	25.56
14.12	16.48
23.80	-1.67
6.48	6.42
9.54	12.60
2.07	19.02
-1.84	21.61
19.66	14.55
24.60	-4.91
4.62	-4.45
16.44	24.77
9.30	8.30
8.11	14.45
25.84	3.39
-3.43	18.93
5.61	6.76
15.54	7.53
1.24	18.97